t0 264 10000 10000
t1 681 10000 10000
t2 482 20000 20000
t3 787 20000 20000
t4 1749 30000 30000
t5 474 30000 30000
t6 1872 30000 30000
t7 306 30000 30000
t8 162 30000 30000
t9 448 30000 30000
t10 117 40000 40000
t11 799 40000 40000
t12 415 40000 40000
t13 1039 40000 40000
t14 521 40000 40000
t15 306 40000 40000
t16 7976 60000 60000
t17 622 60000 60000
t18 417 60000 60000
t19 2454 60000 60000
t20 3523 60000 60000
t21 1491 80000 80000
t22 6416 80000 80000
t23 1353 90000 90000
t24 2785 90000 90000
