t0 128 10000 10000
t1 189 10000 10000
t2 772 20000 20000
t3 605 20000 20000
t4 747 20000 20000
t5 516 20000 20000
t6 1124 20000 20000
t7 217 30000 30000
t8 667 30000 30000
t9 21 30000 30000
t10 437 30000 30000
t11 1281 30000 30000
t12 1736 40000 40000
t13 2401 40000 40000
t14 3566 40000 40000
t15 275 40000 40000
t16 6331 60000 60000
t17 2305 80000 80000
t18 148 80000 80000
t19 2454 80000 80000
t20 7337 90000 90000
t21 953 90000 90000
t22 405 90000 90000
t23 1625 90000 90000
t24 1017 90000 90000
